0.000
0.999
0.713
0.000
0.993
0.000
0.976
0.000
1.000
0.000
0.003
1.000
1.000
0.999
0.999
0.999
0.999
0.000
0.909
0.000
0.973
0.997
1.000
0.000
0.999
0.993
0.000
0.759
0.992
0.999
1.000
0.998
1.000
0.001
0.464
0.000
0.001
0.000
0.001
0.996
0.000
0.001
1.000
0.001
0.993
0.996
0.001
0.004
0.003
0.000
0.974
0.019
0.000
0.000
0.006
0.996
0.003
0.400
0.001
0.000
1.000
0.999
1.000
0.007
1.000
0.982
1.000
0.994
0.999
0.997
0.000
0.005
0.998
0.981
0.000
0.000
1.000
0.240
1.000
0.000
0.999
0.001
0.999
0.000
0.994
0.000
0.997
0.997
1.000
0.000
0.000
0.001
0.999
0.999
0.000
0.001
0.932
0.000
0.219
0.999
0.955
0.986
0.997
0.000
0.000
0.000
0.999
1.000
0.000
1.000
0.981
0.997
1.000
0.000
0.998
0.000
0.001
0.000
0.397
0.999
0.001
0.000
1.000
0.877
0.000
0.001
0.996
0.001
0.001
0.996
0.000
0.000
0.000
0.994
0.992
1.000
0.000
0.000
0.999
0.999
0.000
0.509
0.000
1.000
1.000
0.000
0.993
0.998
0.000
0.000
0.998
0.000
1.000
0.000
0.966
0.000
0.999
0.002
0.999
0.952
0.997
0.999
0.000
0.960
0.003
0.981
0.087
0.995
0.000
0.000
1.000
1.000
0.000
0.990
0.999
0.001
0.005
0.002
0.997
0.955
0.834
0.007
0.195
1.000
0.997
0.301
0.999
0.007
0.000
0.995
0.000
0.665
0.999
0.946
0.989
0.000
0.000
0.034
0.960
0.004
0.000
0.999
0.994
1.000
0.000
0.000
0.000
0.000
0.971
0.002
0.976
0.998
0.000
0.001
0.999
0.884
0.995
0.995
0.999
0.999
0.001
0.002
0.999
0.001
0.995
0.991
0.995
0.984
1.000
0.960
1.000
0.620
0.001
0.048
0.989
0.007
0.000
0.999
0.997
0.976
1.000
0.000
1.000
0.000
0.000
1.000
0.791
0.997
0.999
0.001
0.000
0.068
0.885
0.999
0.985
0.999
0.001
0.999
0.999
0.999
1.000
1.000
0.005
0.999
0.996
1.000
0.000
1.000
0.638
0.956
0.966
1.000
0.188
0.999
0.002
0.000
0.993
0.006
0.001
0.000
0.965
0.000
0.000
0.997
0.005
0.000
0.002
0.985
0.992
0.000
0.012
1.000
0.445
1.000
0.420
0.994
0.999
0.999
0.001
0.998
0.004
0.975
0.000
0.977
0.015
0.000
0.999
0.972
0.003
1.000
0.000
0.835
0.000
0.996
0.000
1.000
0.000
0.000
1.000
0.000
0.004
0.998
0.004
0.000
0.001
0.002
0.527
1.000
0.000
1.000
0.000
1.000
0.996
0.987
0.000
0.002
0.003
0.000
0.991
0.621
1.000
0.996
0.005
0.998
0.003
0.999
0.958
0.001
0.000
0.000
0.000
0.974
0.998
0.998
0.001
0.998
0.022
0.873
0.999
0.999
0.103
0.998
0.998
1.000
0.023
1.000
0.000
0.996
0.998
0.999
0.001
0.999
1.000
0.995
0.000
0.998
0.998
0.000
0.000
0.996
0.999
0.000
1.000
0.998
0.001
0.008
0.039
1.000
0.998
0.012
0.000
0.129
0.002
0.000
0.005
0.002
0.000
0.987
0.000
1.000
0.997
0.000
1.000
0.000
1.000
0.990
0.999
0.000
0.928
0.982
0.999
0.991
0.000
0.000
0.994
1.000
0.871
0.000
0.000
0.949
0.999
0.994
0.998
0.824
0.997
0.000
1.000
0.992
0.999
0.998
0.997
0.000
0.978
0.955
1.000
0.000
0.999
1.000
0.009
0.991
0.991
0.998
0.996
1.000
0.000
0.001
0.613
0.001
0.002
0.000
0.000
0.998
0.001
0.997
0.014
0.999
0.999
0.997
1.000
0.000
0.016
0.001
0.998
0.000
0.000
0.992
0.000
0.998
0.006
0.999
0.997
0.000
0.003
0.001
0.003
0.002
0.998
0.997
0.000
0.000
0.982
0.993
0.999
0.001
0.000
0.000
0.001
0.000
0.999
0.000
0.986
0.000
0.999
0.000
0.998
0.259
0.954
0.004
0.000
0.000
0.001
0.979
0.622
0.000
0.997
0.023
0.999
0.997
0.023
0.999
1.000
0.001
0.012
0.001
0.045
0.995
0.002
0.994
0.999
0.290
0.000
0.001
0.001
0.000
0.996
0.999
0.000
0.909
0.996
0.000
0.998
0.001
0.997
0.999
0.001
0.983
0.007
0.014
0.994
0.999
0.968
0.998
1.000
0.999
0.999
0.000
1.000
0.996
0.999
0.000
0.003
0.000
0.000
1.000
0.001
0.051
0.000
0.972
0.001
0.310
0.991
0.999
0.935
0.997
0.000
0.001
0.000
0.988
0.996
0.999
0.999
0.003
0.999
1.000
0.999
0.996
0.984
0.000
0.991
0.000
1.000
0.000
0.999
0.999
0.995
1.000
0.040
0.000
0.000
0.001
0.999
0.993
0.999
0.999
0.999
0.000
0.006
0.015
0.004
0.999
0.995
0.503
0.991
0.998
0.001
0.998
0.998
0.000
0.000
0.000
0.003
0.999
0.998
1.000
0.999
0.953
1.000
0.996
0.995
0.000
0.000
0.005
0.001
0.903
0.998
0.225
1.000
0.002
0.000
0.995
0.000
0.999
0.001
0.984
0.074
1.000
0.000
0.996
0.002
0.000
0.989
0.017
0.000
0.999
0.997
0.999
0.974
0.993
0.001
0.999
0.992
0.000
0.999
0.995
0.000
1.000
0.998
0.000
0.000
0.000
1.000
1.000
0.001
0.000
0.000
0.998
1.000
0.000
1.000
0.000
0.991
0.000
1.000
0.022
0.000
0.117
0.000
1.000
0.006
0.000
0.000
0.999
0.002
0.000
0.000
0.999
0.000
0.002
0.002
0.000
0.001
0.000
0.000
0.998
0.994
0.999
0.978
0.919
1.000
0.000
0.963
0.998
0.126
0.001
0.000
0.999
0.000
1.000
0.990
0.997
0.000
0.000
0.003
0.000
0.000
0.997
0.412
0.036
0.001
0.001
0.000
0.997
0.004
0.991
0.999
0.999
0.886
0.996
0.982
0.997
0.999
0.988
0.006
0.001
0.002
1.000
0.999
0.997
0.998
0.998
0.000
0.015
1.000
0.999
0.911
0.999
0.011
0.996
0.001
0.002
0.042
0.998
0.012
0.000
0.000
0.001
0.001
0.000
0.000
0.991
1.000
0.983
0.998
0.977
0.003
0.001
0.000
0.999
0.000
0.954
1.000
0.999
0.000
0.003
1.000
0.999
0.998
0.000
0.000
0.996
0.001
0.001
0.990
0.000
0.000
0.998
0.996
0.991
0.000
0.992
0.989
0.212
0.001
0.000
0.998
0.859
0.995
0.969
0.000
0.001
0.000
1.000
1.000
0.001
0.995
0.998
0.999
0.000
0.000
0.025
0.000
0.000
0.000
0.991
0.999
0.996
0.000
0.001
0.999
0.507
0.000
0.422
0.000
0.999
0.010
0.996
0.999
0.999
0.001
0.997
0.003
0.997
0.012
0.996
0.001
1.000
0.001
0.992
0.000
0.997
0.002
0.991
0.997
0.998
0.996
0.990
0.002
0.999
0.827
0.000
0.995
0.999
0.000
0.000
0.999
0.000
0.999
1.000
0.999
0.965
0.999
0.999
1.000
0.000
0.000
0.998
0.995
0.000
0.817
0.000
0.000
0.996
0.000
0.000
0.983
1.000
0.000
0.000
0.837
0.912
0.999
0.000
0.999
0.000
0.997
0.000
0.772
0.978
0.931
0.990
0.041
0.001
0.000
0.000
0.988
0.991
0.001
0.997
0.986
0.977
0.997
0.000
0.999
0.993
1.000
0.999
0.000
0.998
1.000
0.997
0.997
0.000
0.998
0.998
0.000
0.010
0.993
0.997
0.984
0.001
0.996
0.989
0.000
0.994
0.001
0.991
0.944
0.996
1.000
0.992
0.000
1.000
0.000
0.993
0.001
0.001
0.068
0.999
0.996
0.999
0.985
0.000
0.000
0.993
0.000
0.993
0.974
0.999
0.999
0.998
0.996
0.995
0.998
0.226
0.000
0.992
0.000
0.000
0.999
0.003
0.999
0.990
0.821
0.995
0.987
0.999
0.004
0.971
0.000
0.000
0.964
0.994
0.999
0.885
0.999
0.997
0.929
0.000
1.000
0.000
1.000
0.998
0.001
0.999
0.000
0.005
0.993
0.000
0.983
1.000
0.979
1.000
0.435
0.163
0.001
0.000
0.999
0.997
0.000
0.810
0.005
0.993
0.001
0.992
0.978
0.999
0.984
0.317
0.999
0.008
0.000
0.988
0.002
0.015
0.995
0.001
0.970
0.000
0.994
0.994
0.000
0.001
0.995
0.997
0.000
0.000
0.996
1.000
0.114
1.000
1.000
0.994
0.988
0.997
0.999
0.998
0.000
0.000
0.000
0.976
0.003
0.000
0.000
0.999
0.000
0.999
0.001
0.997
0.000
0.001
1.000
0.001
0.000
0.003
0.000
0.000
0.000
0.996
0.001
0.023
1.000
1.000
0.000
1.000
0.999
0.999
0.994
0.000
0.999
1.000
0.001
0.014
0.890
0.998
1.000
0.000
0.999
0.002
0.000
0.992
0.000
0.207
1.000
0.004
0.000
0.999
1.000
0.239
1.000
0.000
0.999
0.998
0.000
0.999
1.000
1.000
0.099
0.998
0.997
0.998
1.000
0.999
0.006
0.990
0.000
0.993
0.000
0.001
0.999
0.001
0.991
1.000
0.997
1.000
0.959
1.000
0.001
1.000
0.996
0.028
0.031
0.002
0.000
1.000
0.090
1.000
1.000
0.142
0.000
0.000
0.000
0.665
0.999
0.000
0.984
0.011
1.000
0.964
0.999
0.992
0.000
0.997
0.999
0.996
0.999
0.994
1.000
0.999
1.000
0.990
0.999
0.000
0.002
0.998
0.000
0.999
0.998
0.000
0.997
0.994
0.627
0.999
0.999
0.994
0.997
0.999
0.998
0.001
0.999
0.000
0.017
0.995
0.992
0.005
0.001
0.000
0.966
0.000
0.000
0.000
0.000
0.991
0.170
0.997
0.984
0.976
0.001
0.000
0.996
0.999
0.999
1.000
0.999
0.999
0.002
0.087
0.000
0.001
0.007
0.996
0.000
0.976
0.999
0.002
0.990
0.415
0.000
0.000
0.999
0.003
0.978
0.000
0.000
0.999
0.999
0.999
0.000
0.998
1.000
0.996
0.001
0.000
0.997
0.997
0.955
0.999
0.996
0.997
0.999
0.982
0.992
0.000
0.000
0.998
0.999
0.074
0.997
0.999
0.995
0.001
0.002
1.000
0.368
0.997
0.999
0.998
0.972
0.002
0.000
0.000
0.002
0.000
0.002
0.000
0.001
1.000
0.998
0.234
0.000
0.999
0.993
0.000
0.999
0.938
0.003
0.000
0.001
1.000
0.000
0.001
0.001
0.000
0.852
1.000
0.000
0.983
0.996
0.998
0.610
0.993
0.000
0.000
0.000
0.981
0.000
0.001
0.995
1.000
0.991
0.998
0.000
1.000
0.994
0.000
0.000
0.000
0.971
1.000
0.000
0.000
0.068
0.000
0.997
0.057
0.997
0.985
0.998
0.028
0.990
0.210
0.992
0.352
0.997
0.002
0.000
0.001
0.999
0.960
0.821
0.000
0.000
0.000
0.997
0.893
0.152
0.001
0.000
0.995
1.000
0.988
0.261
0.982
0.991
0.013
0.022
0.000
1.000
0.997
0.000
0.997
0.994
0.995
0.969
0.000
0.993
0.000
0.000
0.000
1.000
0.924
1.000
0.994
0.998
0.025
0.960
0.991
0.000
0.002
0.997
1.000
0.997
0.002
0.996
0.998
0.998
0.986
0.000
0.001
0.999
0.968
0.008
0.000
0.988
0.997
0.000
0.998
0.998
0.000
0.996
0.996
0.002
0.997
0.000
0.035
0.997
0.999
0.995
0.008
0.998
0.016
0.000
1.000
0.992
0.997
0.106
0.001
0.948
1.000
0.000
0.991
0.000
0.996
0.000
0.001
0.001
0.986
0.999
1.000
0.000
0.998
0.996
0.989
0.000
0.000
0.001
0.000
0.953
0.000
0.984
0.998
0.999
0.998
0.997
0.000
1.000
0.999
0.000
0.001
1.000
0.000
1.000
0.000
0.983
0.995
0.000
0.996
0.000
0.001
0.001
0.001
0.999
0.000
0.998
0.000
0.000
0.999
0.001
0.998
0.000
1.000
0.000
0.996
0.000
0.000
0.999
0.892
0.001
0.905
0.997
0.999
0.001
0.991
0.998
0.000
0.001
0.000
1.000
0.000
0.003
1.000
0.004
1.000
1.000
0.792
0.999
0.994
0.998
0.000
0.003
0.982
0.981
0.000
0.995
0.999
0.001
0.999
0.999
0.004
1.000
0.000
0.998
0.998
0.000
0.001
1.000
0.999
0.000
0.999
0.024
0.982
0.996
1.000
0.000
0.794
0.001
0.000
0.003
0.977
0.992
0.001
0.000
0.000
0.000
0.001
0.000
1.000
1.000
0.000
0.000
0.000
0.970
0.968
0.000
0.983
0.000
0.000
0.864
0.993
0.659
0.998
0.000
0.967
0.732
0.014
0.001
1.000
0.001
0.718
1.000
0.000
0.000
0.994
0.005
0.987
0.034
0.001
0.000
0.003
0.998
0.001
0.000
0.000
1.000
0.981
0.999
0.000
1.000
0.977
0.087
0.990
0.999
0.994
0.992
0.000
0.024
0.981
0.990
0.994
0.001
0.997
0.995
0.999
0.854
0.998
0.000
0.998
0.002
0.038
0.994
0.996
0.000
1.000
0.000
1.000
0.986
0.000
0.000
0.998
0.999
0.999
0.000
0.000
0.000
0.002
0.997
0.999
0.000
0.000
0.999
1.000
0.001
1.000
0.999
0.999
0.000
0.000
0.987
0.996
0.174
0.989
0.997
0.998
0.000
0.000
0.999
0.975
1.000
0.994
0.000
0.989
1.000
0.999
0.010
0.991
0.997
0.999
0.999
0.004
0.000
1.000
0.989
0.998
0.999
1.000
0.000
0.991
1.000
0.998
0.999
0.999
0.000
0.000
0.990
1.000
0.001
0.992
0.000
0.999
1.000
0.996
0.000
0.998
0.999
0.994
0.002
0.000
0.001
0.000
0.998
0.000
0.996
0.000
0.000
0.000
0.268
0.997
0.000
0.865
0.000
1.000
1.000
0.000
0.006
0.999
1.000
0.999
0.999
0.999
0.000
0.000
0.994
0.999
0.999
1.000
0.004
0.924
0.998
0.000
0.999
0.985
0.003
1.000
0.999
0.999
0.001
0.999
0.128
0.968
0.998
1.000
0.002
0.996
0.999
0.997
0.995
0.000
0.996
0.994
0.999
0.996
0.999
0.003
0.000
0.000
1.000
0.999
0.999
0.808
0.939
0.000
0.002
0.999
0.916
0.995
0.000
0.000
0.000
0.000
0.001
0.001
0.000
0.003
0.988
0.998
0.953
0.994
1.000
0.002
1.000
0.977
0.000
0.010
0.000
0.000
0.000
0.000
0.000
0.009
0.000
0.999
1.000
0.000
0.000
0.999
0.963
0.999
0.998
0.986
0.986
0.997
0.151
0.964
0.978
0.999
0.997
0.996
1.000
0.001
0.000
0.001
0.996
0.000
0.978
0.738
0.000
0.993
0.956
0.994
0.000
0.998
0.468
0.999
0.993
0.000
0.000
0.000
0.000
0.999
0.998
0.000
0.991
1.000
0.993
0.000
0.000
1.000
0.998
0.997
0.994
0.000
0.008
0.998
0.956
0.999
0.999
1.000
0.000
0.000
0.996
0.997
1.000
0.975
0.001
1.000
0.000
0.170
1.000
0.000
0.998
0.000
0.004
0.998
0.000
0.000
0.982
0.663
0.001
0.964
0.995
0.000
0.002
0.001
0.010
0.772
0.000
0.000
0.999
0.999
0.997
1.000
0.988
0.999
0.993
0.000
0.992
0.001
0.000
0.999
1.000
0.000
0.000
1.000
0.999
0.997
0.999
0.001
0.000
0.999
0.998
1.000
0.000
0.999
0.455
0.994
0.000
0.071
0.984
0.000
0.994
0.997
1.000
0.998
0.016
0.003
0.065
0.979
0.008
0.999
0.002
0.001
0.996
0.002
0.997
0.979
0.062
0.002
0.998
0.002
0.007
0.997
0.990
0.996
0.000
1.000
0.999
0.001
0.019
0.998
0.003
0.998
0.000
0.999
0.000
0.999
0.998
0.000
0.996
0.000
0.998
1.000
0.999
0.766
0.013
0.016
0.999
0.999
0.977
0.999
0.998
0.000
0.966
0.003
0.990
0.986
1.000
0.991
0.001
0.001
0.999
0.000
0.000
0.314
0.001
0.000
0.999
0.996
0.004
0.001
0.003
0.000
1.000
0.000
0.631
0.001
0.934
0.018
0.997
0.993
0.000
0.999
0.002
0.998
0.044
0.990
0.998
1.000
0.999
0.001
0.976
0.987
0.662
0.999
0.003
0.999
0.000
0.002
0.998
0.996
0.003
0.998
0.997
0.000
0.000
0.001
0.013
0.000
1.000
0.008
0.001
0.000
0.000
0.994
1.000
0.000
0.994
0.000
0.997
0.997
0.005
0.999
0.001
0.990
0.995
1.000
0.997
0.000
1.000
0.455
0.000
0.001
